[array([[-0.00606157,  0.00606157],
        [-0.00903435,  0.00903435],
        [ 0.00137787, -0.00137786],
        [ 0.00137787, -0.00137786],
        [ 0.00282631, -0.00282631],
        [ 0.00211485, -0.00211485],
        [-0.04636043,  0.04636044],
        [-0.0267699 ,  0.0267699 ],
        [ 0.00441002, -0.00441002],
        [-0.00402372,  0.00402372],
        [ 0.00097694, -0.00097694],
        [ 0.00097694, -0.00097694],
        [ 0.00090077, -0.00090076],
        [ 0.00090077, -0.00090076],
        [-0.00185922,  0.00185923],
        [-0.00185922,  0.00185923],
        [-0.00250346,  0.00250346],
        [-0.00250346,  0.00250346],
        [-0.00245758,  0.00245758],
        [-0.00081673,  0.00081672],
        [-0.00081673,  0.00081672],
        [-0.00081673,  0.00081672],
        [-0.00081673,  0.00081672],
        [-0.00081673,  0.00081672],
        [-0.00081673,  0.00081672],
        [-0.00081673,  0.00081672],
        [-0.00081673,  0.00081672],
        [ 0.00152966, -0.00152966],
        [ 0.00152966, -0.00152966],
        [ 0.00018694, -0.00018694],
        [-0.00452973,  0.00452973],
        [-0.00571297,  0.00571297],
        [-0.00575957,  0.00575956],
        [-0.00079168,  0.00079168],
        [-0.00258223,  0.00258222],
        [-0.00658679,  0.00658679],
        [-0.00885837,  0.00885837],
        [ 0.00183418, -0.00183418],
        [ 0.00160234, -0.00160234],
        [-0.00725837,  0.00725838],
        [-0.00966827,  0.00966827],
        [-0.00103171,  0.00103171],
        [-0.00244039,  0.00244039],
        [ 0.00155591, -0.00155591],
        [-0.00556414,  0.00556414],
        [-0.00175826,  0.00175826],
        [ 0.00174707, -0.00174707],
        [ 0.00174707, -0.00174707],
        [ 0.00174707, -0.00174707],
        [ 0.00174707, -0.00174707],
        [ 0.00517679, -0.0051768 ],
        [ 0.00557898, -0.00557898],
        [ 0.00276365, -0.00276365],
        [ 0.00244041, -0.00244041],
        [ 0.00062348, -0.00062347],
        [ 0.00062348, -0.00062347],
        [-0.00587581,  0.00587581],
        [-0.00539181,  0.00539182],
        [ 0.00612884, -0.00612884],
        [ 0.02014939, -0.02014939],
        [ 0.01652614, -0.01652614],
        [ 0.01448509, -0.01448511],
        [ 0.0008174 , -0.00081741]]) array([[ 0.        ,  0.        ],
                                            [-0.21448845,  0.21448846],
                                            [-0.02049637,  0.02049641],
                                            [ 0.02328969, -0.02328971],
                                            [-0.0516971 ,  0.05169707],
                                            [ 0.01270084, -0.01270085],
                                            [ 0.01531794, -0.01531795],
                                            [-0.0013922 ,  0.0013922 ],
                                            [-0.0012748 ,  0.0012748 ],
                                            [-0.0064025 ,  0.0064025 ],
                                            [-0.00564163,  0.00564163],
                                            [-0.01439598,  0.01439598],
                                            [-0.01568061,  0.01568062],
                                            [-0.01678629,  0.01678629],
                                            [-0.01575403,  0.01575404],
                                            [-0.02673149,  0.02673149],
                                            [-0.02586466,  0.02586466],
                                            [-0.03612894,  0.03612894],
                                            [-0.05756739,  0.05756739],
                                            [-0.01557567,  0.01557567],
                                            [-0.01603109,  0.01603109],
                                            [-0.02101575,  0.02101576],
                                            [-0.01964276,  0.01964276],
                                            [-0.02469657,  0.02469656],
                                            [-0.05704083,  0.05704083],
                                            [ 0.00147544, -0.00147545],
                                            [-0.00181317,  0.00181316],
                                            [ 0.00666158, -0.00666158],
                                            [-0.00913796,  0.00913795],
                                            [ 0.        ,  0.        ]])
 array([[ 3.17900628e-03, -3.17901361e-03],
        [ 1.40175559e-02, -1.40175623e-02],
        [ 1.73052512e-02, -1.73052519e-02],
        [ 5.60629368e-03, -5.60628949e-03],
        [ 1.29938293e-02, -1.29938440e-02],
        [ 2.75170989e-03, -2.75171362e-03],
        [-1.02920346e-02,  1.02920269e-02],
        [ 3.65205056e-03, -3.65204054e-03],
        [ 5.23872993e-03, -5.23872014e-03],
        [-3.14139255e-03,  3.14139536e-03],
        [-2.49092068e-04,  2.49092775e-04],
        [ 3.38890989e-04, -3.38888148e-04],
        [-8.31735001e-03,  8.31735297e-03],
        [ 5.17122022e-03, -5.17122139e-03],
        [ 1.91022586e-02, -1.91022696e-02],
        [ 1.47039909e-02, -1.47039727e-02],
        [ 3.37998569e-03, -3.37997521e-03],
        [-2.88790649e-03,  2.88790378e-03],
        [-2.88790649e-03,  2.88790378e-03],
        [ 2.27068567e-04, -2.27070929e-04],
        [ 1.72952657e-03, -1.72952940e-03],
        [ 1.95915361e-04, -1.95917461e-04],
        [-9.89978651e-04,  9.89976668e-04],
        [ 2.62359639e-04, -2.62362612e-04],
        [ 4.25277760e-04, -4.25280616e-04],
        [ 1.29905050e-03, -1.29905102e-03],
        [ 6.49993015e-03, -6.49992927e-03],
        [-5.19768474e-04,  5.19767606e-04],
        [ 1.05664089e-03, -1.05664494e-03],
        [ 5.05871421e-03, -5.05871513e-03],
        [ 5.05871421e-03, -5.05871513e-03],
        [ 6.94040072e-03, -6.94040076e-03],
        [ 6.33130179e-03, -6.33130101e-03],
        [ 3.96331533e-03, -3.96331400e-03],
        [ 5.74927351e-03, -5.74927254e-03],
        [ 4.03919095e-03, -4.03919111e-03],
        [ 4.03919095e-03, -4.03919111e-03],
        [ 3.38206697e-03, -3.38206812e-03],
        [ 3.33895087e-03, -3.33895181e-03],
        [ 1.89831918e-03, -1.89832119e-03],
        [ 1.89831918e-03, -1.89832119e-03],
        [ 4.16735857e-03, -4.16736123e-03],
        [ 4.16735857e-03, -4.16736123e-03],
        [-5.04292296e-05,  5.04267714e-05],
        [ 5.05943808e-04, -5.05946965e-04],
        [-1.68027587e-03,  1.68027335e-03],
        [ 3.60099160e-03, -3.60099227e-03],
        [ 3.08047448e-03, -3.08047580e-03],
        [ 3.08047448e-03, -3.08047580e-03],
        [ 3.24546852e-03, -3.24546867e-03],
        [ 3.24546852e-03, -3.24546867e-03],
        [ 2.36150737e-05, -2.36134036e-05],
        [ 2.36150737e-05, -2.36134036e-05],
        [ 2.36150737e-05, -2.36134036e-05],
        [ 2.36150737e-05, -2.36134036e-05],
        [ 4.44248777e-04, -4.44247689e-04],
        [ 4.44248777e-04, -4.44247689e-04],
        [ 4.44248777e-04, -4.44247689e-04],
        [ 4.44248777e-04, -4.44247689e-04],
        [ 1.35078004e-02, -1.35078006e-02],
        [ 1.38993675e-02, -1.38993708e-02],
        [ 5.68836108e-03, -5.68836017e-03],
        [ 5.68836108e-03, -5.68836017e-03],
        [ 3.78728956e-03, -3.78728947e-03],
        [ 2.17331648e-03, -2.17330647e-03],
        [-3.52367759e-05,  3.52367759e-05]])
 array([[ 0.        ,  0.        ],
        [-0.01135168,  0.0113517 ],
        [ 0.02066897, -0.02066897],
        [-0.03875359,  0.03875361],
        [-0.00305222,  0.00305221],
        [-0.09840937,  0.09840936],
        [-0.18373495,  0.18373495],
        [-0.08104347,  0.08104347],
        [-0.05631755,  0.05631756],
        [ 0.00659821, -0.00659821],
        [-0.03492552,  0.03492553],
        [-0.03234484,  0.03234485],
        [-0.05795528,  0.05795527],
        [-0.02513252,  0.02513251],
        [ 0.0223347 , -0.02233469],
        [-0.01609039,  0.01609037],
        [ 0.        ,  0.        ]]) array([[ 0.        ,  0.        ],
                                            [-0.03098062,  0.03098064],
                                            [ 0.0021743 , -0.00217431],
                                            [ 0.02146266, -0.02146266],
                                            [-0.11779258,  0.11779257],
                                            [-0.00335803,  0.00335803],
                                            [-0.00151053,  0.00151053],
                                            [ 0.05644311, -0.05644311],
                                            [-0.00313585,  0.00313586],
                                            [-0.05405962,  0.0540596 ],
                                            [-0.02173331,  0.02173329],
                                            [-0.01746584,  0.01746579],
                                            [ 0.        ,  0.        ]])
 array([[-4.57117240e-03,  4.57117154e-03],
        [-5.93950598e-03,  5.93950477e-03],
        [-4.37032291e-03,  4.37032195e-03],
        [-4.37032291e-03,  4.37032195e-03],
        [-4.37032291e-03,  4.37032195e-03],
        [-8.48541864e-05,  8.48557011e-05],
        [-8.48541864e-05,  8.48557011e-05],
        [ 4.03837777e-04, -4.03836728e-04],
        [ 4.03837777e-04, -4.03836728e-04],
        [ 2.39382132e-03, -2.39381882e-03],
        [ 1.18734508e-03, -1.18734409e-03],
        [ 9.96311102e-04, -9.96310881e-04],
        [ 9.96311102e-04, -9.96310881e-04],
        [ 9.45405476e-04, -9.45404905e-04],
        [-1.08906714e-03,  1.08906850e-03],
        [-2.82775313e-03,  2.82776270e-03],
        [-3.98455234e-04,  3.98455232e-04],
        [-3.98455234e-04,  3.98455232e-04],
        [-8.14404804e-05,  8.14408857e-05],
        [-8.14404804e-05,  8.14408857e-05],
        [-5.04474901e-04,  5.04475873e-04],
        [-5.04474901e-04,  5.04475873e-04],
        [ 2.38691177e-04, -2.38690350e-04],
        [ 2.38691177e-04, -2.38690350e-04],
        [-2.04875651e-03,  2.04875812e-03],
        [-2.04875651e-03,  2.04875812e-03],
        [-2.39508689e-03,  2.39508851e-03],
        [-2.39508689e-03,  2.39508851e-03],
        [-2.39508689e-03,  2.39508851e-03],
        [-2.50822566e-03,  2.50823294e-03],
        [ 8.15413116e-03, -8.15413749e-03],
        [ 8.09509462e-03, -8.09509978e-03],
        [-9.36289628e-05,  9.36299718e-05],
        [ 9.24454071e-05, -9.24462155e-05],
        [ 9.24454071e-05, -9.24462155e-05],
        [ 9.24454071e-05, -9.24462155e-05],
        [-2.31446492e-03,  2.31446533e-03],
        [-2.31446492e-03,  2.31446533e-03],
        [-2.61323266e-03,  2.61323304e-03],
        [-2.61323266e-03,  2.61323304e-03],
        [-2.61323266e-03,  2.61323304e-03],
        [-6.04739490e-04,  6.04739222e-04],
        [-6.04739490e-04,  6.04739222e-04],
        [-6.04739490e-04,  6.04739222e-04],
        [-6.04739490e-04,  6.04739222e-04],
        [-6.28073746e-04,  6.28074013e-04],
        [-6.28073746e-04,  6.28074013e-04],
        [ 3.94060307e-04, -3.94060041e-04],
        [ 3.94060307e-04, -3.94060041e-04],
        [ 3.94060307e-04, -3.94060041e-04],
        [ 2.35755928e-04, -2.35756406e-04],
        [ 1.79596402e-03, -1.79595891e-03],
        [ 2.27572553e-03, -2.27572368e-03],
        [ 3.13980289e-03, -3.13980278e-03],
        [-4.16567284e-04,  4.16569100e-04],
        [-4.16567284e-04,  4.16569100e-04],
        [-4.16567284e-04,  4.16569100e-04],
        [-4.16567284e-04,  4.16569100e-04],
        [-4.16567284e-04,  4.16569100e-04],
        [-1.56190230e-04,  1.56192853e-04],
        [-1.56190230e-04,  1.56192853e-04],
        [-1.56190230e-04,  1.56192853e-04],
        [ 4.55005654e-04, -4.55003623e-04],
        [ 4.55005654e-04, -4.55003623e-04],
        [ 4.55005654e-04, -4.55003623e-04],
        [ 3.10984542e-04, -3.10983547e-04],
        [ 3.10984542e-04, -3.10983547e-04],
        [ 3.10984542e-04, -3.10983547e-04],
        [ 3.10984542e-04, -3.10983547e-04],
        [ 2.70857694e-04, -2.70856408e-04],
        [-1.91032824e-03,  1.91032611e-03],
        [-3.16478064e-03,  3.16477664e-03],
        [-1.81817015e-03,  1.81816534e-03],
        [ 1.87886405e-03, -1.87886627e-03],
        [ 1.44292983e-04, -1.44293833e-04],
        [ 1.44292983e-04, -1.44293833e-04],
        [ 1.61047644e-03, -1.61047636e-03],
        [ 1.61047644e-03, -1.61047636e-03],
        [ 1.77782598e-03, -1.77782625e-03],
        [ 1.77782598e-03, -1.77782625e-03],
        [ 1.77782598e-03, -1.77782625e-03],
        [-9.91848194e-06,  9.91767350e-06],
        [ 1.65249938e-03, -1.65249876e-03],
        [ 1.65249938e-03, -1.65249876e-03],
        [ 1.65249938e-03, -1.65249876e-03],
        [ 1.65249938e-03, -1.65249876e-03],
        [ 1.27981754e-03, -1.27981516e-03],
        [ 1.27981754e-03, -1.27981516e-03],
        [ 1.27981754e-03, -1.27981516e-03],
        [ 1.57311295e-04, -1.57309306e-04],
        [ 1.57311295e-04, -1.57309306e-04],
        [ 1.57311295e-04, -1.57309306e-04],
        [ 1.57311295e-04, -1.57309306e-04],
        [ 2.59251768e-04, -2.59251555e-04],
        [ 2.89674057e-03, -2.89673950e-03],
        [ 2.89674057e-03, -2.89673950e-03],
        [ 1.59633858e-03, -1.59633734e-03],
        [ 1.33867841e-04, -1.33867533e-04],
        [ 7.74508187e-04, -7.74503794e-04],
        [ 7.74508187e-04, -7.74503794e-04],
        [ 7.74508187e-04, -7.74503794e-04],
        [ 1.97569327e-03, -1.97568554e-03],
        [ 1.18541718e-02, -1.18541531e-02],
        [ 0.00000000e+00,  0.00000000e+00]])
 array([[ 3.05785205e-04, -3.05784025e-04],
        [-8.92655585e-04,  8.92656765e-04],
        [ 2.21522864e-04, -2.21523779e-04],
        [ 2.21522864e-04, -2.21523779e-04],
        [ 1.43805752e-03, -1.43805934e-03],
        [ 1.43805752e-03, -1.43805934e-03],
        [ 2.05235137e-03, -2.05235010e-03],
        [ 2.05235137e-03, -2.05235010e-03],
        [ 1.20413971e-03, -1.20414118e-03],
        [ 1.20413971e-03, -1.20414118e-03],
        [ 1.31950171e-03, -1.31950312e-03],
        [-2.65750280e-05,  2.65758300e-05],
        [-2.65750280e-05,  2.65758300e-05],
        [-2.65750280e-05,  2.65758300e-05],
        [-2.65750280e-05,  2.65758300e-05],
        [ 4.93833902e-04, -4.93833609e-04],
        [ 4.93833902e-04, -4.93833609e-04],
        [ 4.93833902e-04, -4.93833609e-04],
        [ 1.90130581e-03, -1.90130646e-03],
        [ 1.90130581e-03, -1.90130646e-03],
        [ 1.90130581e-03, -1.90130646e-03],
        [ 1.90130581e-03, -1.90130646e-03],
        [ 5.59265322e-04, -5.59267004e-04],
        [ 5.59265322e-04, -5.59267004e-04],
        [ 5.59265322e-04, -5.59267004e-04],
        [ 5.59265322e-04, -5.59267004e-04],
        [ 3.37197635e-03, -3.37197618e-03],
        [ 3.37197635e-03, -3.37197618e-03],
        [ 2.69104404e-03, -2.69104457e-03],
        [ 2.69104404e-03, -2.69104457e-03],
        [ 2.93140420e-03, -2.93140599e-03],
        [ 2.55105106e-03, -2.55105581e-03],
        [ 2.55105106e-03, -2.55105581e-03],
        [ 2.55105106e-03, -2.55105581e-03],
        [ 1.99946471e-03, -1.99947278e-03],
        [-2.29197383e-04,  2.29202032e-04],
        [-2.29197383e-04,  2.29202032e-04],
        [-6.37508757e-04,  6.37512708e-04],
        [-6.37508757e-04,  6.37512708e-04],
        [-6.67665914e-04,  6.67668904e-04],
        [-6.67665914e-04,  6.67668904e-04],
        [-5.23913480e-04,  5.23916005e-04],
        [-5.23913480e-04,  5.23916005e-04],
        [ 3.22465364e-04, -3.22463055e-04],
        [ 3.22465364e-04, -3.22463055e-04],
        [ 1.50498333e-03, -1.50498190e-03],
        [ 1.50498333e-03, -1.50498190e-03],
        [ 4.75102847e-04, -4.75102505e-04],
        [ 4.75102847e-04, -4.75102505e-04],
        [ 4.75102847e-04, -4.75102505e-04],
        [ 4.75102847e-04, -4.75102505e-04],
        [ 8.64820910e-04, -8.64820931e-04],
        [ 8.64820910e-04, -8.64820931e-04],
        [ 8.64820910e-04, -8.64820931e-04],
        [ 1.02359013e-03, -1.02359241e-03],
        [ 1.02359013e-03, -1.02359241e-03],
        [ 2.93825104e-03, -2.93825554e-03],
        [ 2.93825104e-03, -2.93825554e-03],
        [ 2.52030746e-03, -2.52031129e-03],
        [ 2.34978344e-03, -2.34978099e-03],
        [ 2.17535418e-03, -2.17535172e-03],
        [ 2.62473501e-03, -2.62473453e-03],
        [ 2.62473501e-03, -2.62473453e-03],
        [ 6.15946416e-04, -6.15951040e-04],
        [ 6.15946416e-04, -6.15951040e-04],
        [ 6.15946416e-04, -6.15951040e-04],
        [ 9.83833420e-04, -9.83833567e-04],
        [ 9.83833420e-04, -9.83833567e-04],
        [ 9.83833420e-04, -9.83833567e-04],
        [ 9.83833420e-04, -9.83833567e-04],
        [ 3.15060319e-04, -3.15060125e-04],
        [ 3.15060319e-04, -3.15060125e-04],
        [ 3.15060319e-04, -3.15060125e-04],
        [ 3.15060319e-04, -3.15060125e-04],
        [-8.13988119e-05,  8.14001113e-05],
        [ 1.33156969e-03, -1.33157043e-03],
        [ 1.33156969e-03, -1.33157043e-03],
        [ 1.33156969e-03, -1.33157043e-03],
        [ 1.33156969e-03, -1.33157043e-03],
        [ 1.09540491e-03, -1.09540431e-03],
        [ 1.09540491e-03, -1.09540431e-03],
        [ 1.09540491e-03, -1.09540431e-03],
        [ 1.09540491e-03, -1.09540431e-03],
        [ 1.06486079e-03, -1.06486071e-03],
        [ 1.06486079e-03, -1.06486071e-03],
        [ 1.06486079e-03, -1.06486071e-03],
        [ 1.06486079e-03, -1.06486071e-03],
        [ 1.50915567e-03, -1.50915474e-03],
        [ 1.50915567e-03, -1.50915474e-03],
        [ 1.50915567e-03, -1.50915474e-03],
        [ 1.50915567e-03, -1.50915474e-03],
        [-2.07604828e-04,  2.07603579e-04],
        [-2.07604828e-04,  2.07603579e-04],
        [ 8.50004157e-04, -8.50006744e-04],
        [ 8.50004157e-04, -8.50006744e-04],
        [-3.45517869e-04,  3.45516154e-04],
        [-3.45517869e-04,  3.45516154e-04],
        [-5.84855663e-04,  5.84855229e-04],
        [-5.84855663e-04,  5.84855229e-04],
        [ 5.41115503e-04, -5.41117455e-04],
        [ 5.41115503e-04, -5.41117455e-04],
        [ 6.88227330e-05, -6.88246559e-05],
        [ 2.41833135e-03, -2.41833383e-03],
        [ 1.10907740e-03, -1.10907840e-03],
        [ 1.10907740e-03, -1.10907840e-03],
        [ 1.10907740e-03, -1.10907840e-03],
        [ 1.10907740e-03, -1.10907840e-03],
        [ 1.61935299e-03, -1.61935546e-03],
        [ 1.04117595e-03, -1.04117781e-03],
        [ 1.04117595e-03, -1.04117781e-03],
        [ 8.18294163e-04, -8.18295906e-04],
        [ 8.18294163e-04, -8.18295906e-04],
        [ 9.02029065e-04, -9.02031597e-04],
        [ 9.02029065e-04, -9.02031597e-04],
        [ 9.02029065e-04, -9.02031597e-04],
        [-6.04323045e-04,  6.04322788e-04],
        [-6.04323045e-04,  6.04322788e-04],
        [-5.56494508e-04,  5.56494135e-04],
        [-5.56494508e-04,  5.56494135e-04],
        [ 1.29160771e-04, -1.29161435e-04],
        [ 1.29160771e-04, -1.29161435e-04],
        [ 1.29160771e-04, -1.29161435e-04],
        [ 1.29160771e-04, -1.29161435e-04],
        [-2.09144117e-05,  2.09148535e-05],
        [-2.09144117e-05,  2.09148535e-05],
        [-2.09144117e-05,  2.09148535e-05],
        [-2.09144117e-05,  2.09148535e-05],
        [-1.31529922e-04,  1.31530480e-04],
        [-1.31529922e-04,  1.31530480e-04],
        [-1.31529922e-04,  1.31530480e-04],
        [-1.31529922e-04,  1.31530480e-04],
        [-7.08799809e-04,  7.08801250e-04],
        [-7.08799809e-04,  7.08801250e-04],
        [-7.08799809e-04,  7.08801250e-04],
        [-7.08799809e-04,  7.08801250e-04],
        [-7.08799809e-04,  7.08801250e-04],
        [-7.08799809e-04,  7.08801250e-04],
        [-7.08799809e-04,  7.08801250e-04],
        [-7.08799809e-04,  7.08801250e-04],
        [-7.41656870e-04,  7.41659023e-04],
        [-7.41656870e-04,  7.41659023e-04],
        [-7.41656870e-04,  7.41659023e-04],
        [-7.41656870e-04,  7.41659023e-04],
        [-7.41656870e-04,  7.41659023e-04],
        [-7.41656870e-04,  7.41659023e-04],
        [ 0.00000000e+00,  0.00000000e+00]])
 array([[-0.00079853,  0.00079853],
        [-0.00079853,  0.00079853],
        [-0.00079853,  0.00079853],
        [-0.00079853,  0.00079853],
        [-0.00079853,  0.00079853],
        [-0.00079853,  0.00079853],
        [-0.00135025,  0.00135024],
        [-0.00135025,  0.00135024],
        [-0.00185874,  0.00185874],
        [-0.00185874,  0.00185874],
        [-0.00233887,  0.00233887],
        [-0.00233887,  0.00233887],
        [-0.00264766,  0.00264766],
        [-0.00264766,  0.00264766],
        [-0.00264766,  0.00264766],
        [-0.00035394,  0.00035394],
        [-0.00046375,  0.00046375],
        [-0.00046375,  0.00046375],
        [-0.00046375,  0.00046375],
        [-0.00046375,  0.00046375],
        [-0.00046375,  0.00046375],
        [-0.00046375,  0.00046375],
        [-0.00046375,  0.00046375],
        [-0.00046375,  0.00046375],
        [-0.00061609,  0.00061609],
        [-0.00061609,  0.00061609],
        [-0.00061609,  0.00061609],
        [-0.00061609,  0.00061609],
        [-0.00061609,  0.00061609],
        [-0.00061609,  0.00061609],
        [-0.00061609,  0.00061609],
        [-0.00061609,  0.00061609],
        [-0.00061609,  0.00061609],
        [-0.00153684,  0.00153684],
        [-0.00153684,  0.00153684],
        [-0.00153684,  0.00153684],
        [-0.00153684,  0.00153684],
        [-0.00153684,  0.00153684],
        [-0.00153684,  0.00153684],
        [-0.00153684,  0.00153684],
        [-0.00153684,  0.00153684],
        [-0.00153684,  0.00153684],
        [-0.00148656,  0.00148656],
        [-0.00148656,  0.00148656],
        [-0.00148656,  0.00148656],
        [-0.00148656,  0.00148656],
        [-0.00148656,  0.00148656],
        [-0.00148656,  0.00148656],
        [-0.00148656,  0.00148656],
        [-0.00201178,  0.00201178],
        [-0.00201178,  0.00201178],
        [-0.00201178,  0.00201178],
        [-0.00201178,  0.00201178],
        [-0.00131691,  0.0013169 ],
        [-0.00131691,  0.0013169 ],
        [-0.00131691,  0.0013169 ],
        [-0.00131691,  0.0013169 ],
        [-0.00131691,  0.0013169 ],
        [-0.00131691,  0.0013169 ],
        [ 0.00070741, -0.00070741],
        [ 0.00070741, -0.00070741],
        [ 0.00070741, -0.00070741],
        [ 0.00070741, -0.00070741],
        [ 0.00065906, -0.00065906],
        [ 0.00065906, -0.00065906],
        [ 0.00065906, -0.00065906],
        [ 0.00065906, -0.00065906],
        [ 0.00065906, -0.00065906],
        [ 0.00065906, -0.00065906],
        [-0.00139978,  0.00139978],
        [-0.00139978,  0.00139978],
        [-0.00139978,  0.00139978],
        [-0.00139978,  0.00139978],
        [-0.00480749,  0.00480749],
        [-0.00480749,  0.00480749],
        [-0.00034639,  0.00034639],
        [-0.00034639,  0.00034639],
        [ 0.00033057, -0.00033056],
        [ 0.00033057, -0.00033056],
        [ 0.00033057, -0.00033056],
        [ 0.00033057, -0.00033056],
        [-0.00298862,  0.00298862],
        [-0.00298862,  0.00298862],
        [-0.00298862,  0.00298862],
        [-0.00298862,  0.00298862],
        [-0.00156447,  0.00156447],
        [-0.00156447,  0.00156447],
        [-0.00156447,  0.00156447],
        [-0.00227816,  0.00227816],
        [-0.00227816,  0.00227816],
        [-0.00227816,  0.00227816],
        [-0.00227816,  0.00227816],
        [-0.00180669,  0.00180669],
        [-0.00180669,  0.00180669],
        [-0.00180669,  0.00180669],
        [-0.00180669,  0.00180669],
        [-0.00180669,  0.00180669],
        [-0.00029647,  0.00029647],
        [-0.00453841,  0.00453842],
        [-0.00453841,  0.00453842],
        [-0.00453841,  0.00453842],
        [-0.00453841,  0.00453842],
        [-0.00322889,  0.00322889],
        [-0.00322889,  0.00322889],
        [-0.00322889,  0.00322889],
        [-0.00200969,  0.00200969],
        [-0.00200969,  0.00200969],
        [-0.00200969,  0.00200969],
        [-0.00200969,  0.00200969],
        [-0.00200969,  0.00200969],
        [-0.00200969,  0.00200969],
        [-0.00200969,  0.00200969],
        [-0.0016517 ,  0.0016517 ],
        [-0.0016517 ,  0.0016517 ],
        [-0.0016517 ,  0.0016517 ],
        [-0.0016517 ,  0.0016517 ],
        [ 0.00120252, -0.00120252],
        [ 0.00120252, -0.00120252],
        [ 0.00120252, -0.00120252],
        [ 0.00120252, -0.00120252],
        [ 0.00120252, -0.00120252],
        [ 0.00081773, -0.00081773],
        [ 0.00081773, -0.00081773],
        [ 0.00081773, -0.00081773],
        [ 0.00081773, -0.00081773],
        [ 0.00081773, -0.00081773],
        [ 0.00081773, -0.00081773],
        [ 0.00081773, -0.00081773],
        [-0.00137348,  0.00137348],
        [-0.00137348,  0.00137348],
        [-0.00137348,  0.00137348],
        [-0.00137348,  0.00137348],
        [-0.00043794,  0.00043794],
        [-0.00043794,  0.00043794],
        [-0.00043794,  0.00043794],
        [-0.00043794,  0.00043794],
        [-0.01054903,  0.01054903],
        [-0.01054903,  0.01054903],
        [-0.01054903,  0.01054903],
        [-0.0057801 ,  0.0057801 ],
        [-0.00075406,  0.00075406],
        [-0.00075406,  0.00075406],
        [-0.00075406,  0.00075406],
        [-0.00075406,  0.00075406],
        [-0.00075406,  0.00075406],
        [-0.00075406,  0.00075406],
        [-0.00075406,  0.00075406],
        [-0.00075406,  0.00075406],
        [-0.00088194,  0.00088194],
        [-0.00088194,  0.00088194],
        [-0.00088194,  0.00088194],
        [-0.00088194,  0.00088194],
        [-0.00088194,  0.00088194],
        [ 0.0007283 , -0.0007283 ],
        [ 0.0007283 , -0.0007283 ],
        [ 0.0007283 , -0.0007283 ],
        [ 0.0007283 , -0.0007283 ],
        [ 0.0007283 , -0.0007283 ],
        [ 0.0007283 , -0.0007283 ],
        [ 0.0007283 , -0.0007283 ],
        [ 0.0007283 , -0.0007283 ],
        [-0.00147388,  0.00147388],
        [-0.00147388,  0.00147388],
        [-0.00147388,  0.00147388],
        [-0.00147388,  0.00147388],
        [-0.00147388,  0.00147388],
        [-0.00164382,  0.00164382],
        [-0.00164382,  0.00164382],
        [-0.00164382,  0.00164382],
        [-0.00164382,  0.00164382],
        [-0.00164382,  0.00164382],
        [-0.00472209,  0.00472209],
        [-0.00472209,  0.00472209],
        [-0.00477777,  0.00477777],
        [-0.00477777,  0.00477777],
        [-0.00350982,  0.00350982],
        [-0.00350982,  0.00350982],
        [-0.00350982,  0.00350982],
        [ 0.00069878, -0.00069878],
        [ 0.0019863 , -0.0019863 ],
        [ 0.0019863 , -0.0019863 ],
        [ 0.0019863 , -0.0019863 ],
        [ 0.0019863 , -0.0019863 ],
        [ 0.0019863 , -0.0019863 ],
        [ 0.0019076 , -0.0019076 ],
        [ 0.0019076 , -0.0019076 ],
        [ 0.0019076 , -0.0019076 ],
        [ 0.0019076 , -0.0019076 ],
        [ 0.0019076 , -0.0019076 ],
        [ 0.0019076 , -0.0019076 ],
        [ 0.0019076 , -0.0019076 ],
        [ 0.0019076 , -0.0019076 ],
        [ 0.00236023, -0.00236023],
        [ 0.00236023, -0.00236023],
        [ 0.00236023, -0.00236023],
        [ 0.00236023, -0.00236023],
        [ 0.00236023, -0.00236023],
        [ 0.00236023, -0.00236023],
        [ 0.00236023, -0.00236023],
        [ 0.        ,  0.        ]]) array([[ 0.00174963, -0.00174963],
                                            [ 0.00938979, -0.00938978],
                                            [ 0.01193814, -0.01193814],
                                            [ 0.02675913, -0.02675912],
                                            [-0.00261609,  0.0026161 ],
                                            [-0.00472458,  0.00472459],
                                            [-0.00384286,  0.00384286],
                                            [ 0.00463152, -0.00463154],
                                            [ 0.01791175, -0.01791176],
                                            [ 0.00425027, -0.00425025],
                                            [ 0.00739693, -0.00739692],
                                            [ 0.00279149, -0.00279149],
                                            [ 0.0067943 , -0.00679429],
                                            [ 0.000791  , -0.00079099],
                                            [ 0.00387319, -0.00387319],
                                            [ 0.00724148, -0.00724148],
                                            [ 0.00294665, -0.00294665],
                                            [ 0.00279132, -0.00279132],
                                            [ 0.0062597 , -0.00625969],
                                            [-0.00541878,  0.00541878],
                                            [-0.0052082 ,  0.00520819],
                                            [ 0.00239479, -0.00239479],
                                            [-0.00250411,  0.0025041 ],
                                            [-0.00378623,  0.00378624],
                                            [-0.0027197 ,  0.0027197 ],
                                            [-0.0027197 ,  0.0027197 ],
                                            [-0.00144002,  0.00144002],
                                            [-0.003704  ,  0.003704  ],
                                            [-0.00255125,  0.00255125],
                                            [-0.00255125,  0.00255125],
                                            [ 0.00092212, -0.00092212],
                                            [-0.0025704 ,  0.00257041],
                                            [ 0.00083295, -0.00083295],
                                            [ 0.00083295, -0.00083295],
                                            [ 0.00347627, -0.00347627],
                                            [ 0.00201037, -0.00201038],
                                            [-0.00015962,  0.00015962],
                                            [ 0.0032326 , -0.0032326 ],
                                            [ 0.0032326 , -0.0032326 ],
                                            [ 0.00159518, -0.00159518],
                                            [ 0.00529533, -0.00529533],
                                            [ 0.00554327, -0.00554327],
                                            [ 0.00126954, -0.00126954],
                                            [ 0.00384902, -0.00384902],
                                            [ 0.00261174, -0.00261174],
                                            [ 0.00261174, -0.00261174],
                                            [ 0.00261174, -0.00261174],
                                            [ 0.00261174, -0.00261174],
                                            [ 0.0014473 , -0.0014473 ],
                                            [ 0.01047972, -0.01047971],
                                            [ 0.00952349, -0.00952348],
                                            [ 0.00310669, -0.00310669],
                                            [ 0.01415154, -0.01415152],
                                            [ 0.01457215, -0.01457214],
                                            [ 0.01482308, -0.01482307],
                                            [-0.0039265 ,  0.0039265 ],
                                            [ 0.        ,  0.        ]])
 array([[-0.00707832,  0.00707832],
        [-0.00707832,  0.00707832],
        [-0.008608  ,  0.008608  ],
        [-0.01023786,  0.01023786],
        [-0.01023786,  0.01023786],
        [-0.0093122 ,  0.0093122 ],
        [-0.00955055,  0.00955056],
        [-0.01346955,  0.01346955],
        [-0.01330765,  0.01330765],
        [-0.01260679,  0.01260679],
        [-0.00637137,  0.00637138],
        [-0.00600556,  0.00600556],
        [-0.00953791,  0.0095379 ],
        [-0.00985695,  0.00985694],
        [-0.0065489 ,  0.0065489 ],
        [ 0.00150915, -0.00150915],
        [ 0.00057692, -0.00057692],
        [-0.0009259 ,  0.0009259 ],
        [-0.00250059,  0.00250059],
        [-0.00155907,  0.00155906],
        [-0.01016787,  0.01016787],
        [-0.00980938,  0.00980938],
        [-0.00912695,  0.00912695],
        [-0.00686134,  0.00686134],
        [-0.00383471,  0.00383472],
        [-0.00586588,  0.00586588],
        [-0.00460862,  0.00460862],
        [-0.00414771,  0.00414771],
        [-0.00637231,  0.00637232],
        [-0.00066782,  0.00066782],
        [-0.00154263,  0.00154264],
        [-0.00047176,  0.00047177],
        [-0.00338371,  0.00338371],
        [-0.00311795,  0.00311795],
        [-0.00211688,  0.00211688],
        [-0.00155157,  0.00155157],
        [ 0.00081726, -0.00081726],
        [ 0.00253543, -0.00253544],
        [ 0.00253543, -0.00253544],
        [ 0.00251146, -0.00251147],
        [ 0.00201197, -0.00201197],
        [-0.00584966,  0.00584966],
        [-0.00839133,  0.00839134],
        [-0.00830501,  0.00830501],
        [-0.0102656 ,  0.0102656 ],
        [-0.00954808,  0.00954808],
        [-0.01897708,  0.01897708],
        [-0.01708248,  0.01708248],
        [-0.00533833,  0.00533833],
        [-0.00584582,  0.00584582],
        [-0.00570221,  0.00570221],
        [-0.00613923,  0.00613923],
        [-0.00589058,  0.00589058],
        [-0.00503772,  0.00503772],
        [-0.00369013,  0.00369013],
        [-0.00355694,  0.00355694],
        [-0.00401447,  0.00401447],
        [-0.01024676,  0.01024676],
        [-0.01255573,  0.01255573],
        [-0.01054517,  0.01054517],
        [-0.00879106,  0.00879106],
        [-0.00673218,  0.00673218],
        [-0.00821663,  0.00821663],
        [-0.00821663,  0.00821663],
        [-0.00845709,  0.00845708],
        [-0.04206566,  0.04206566],
        [-0.0392904 ,  0.0392904 ],
        [-0.04457169,  0.04457169],
        [-0.04761069,  0.04761069],
        [-0.04259444,  0.04259445],
        [ 0.0012587 , -0.00125872],
        [ 0.        ,  0.        ]])
 array([[-6.74601023e-04,  6.74597376e-04],
        [ 3.48146881e-03, -3.48147106e-03],
        [ 3.68118162e-03, -3.68118853e-03],
        [ 1.24117546e-03, -1.24117476e-03],
        [ 4.22026357e-03, -4.22026293e-03],
        [ 4.22026357e-03, -4.22026293e-03],
        [ 5.10136457e-03, -5.10136498e-03],
        [ 5.10136457e-03, -5.10136498e-03],
        [ 4.43910668e-03, -4.43910551e-03],
        [ 4.43910668e-03, -4.43910551e-03],
        [ 3.76513181e-03, -3.76513042e-03],
        [ 3.76513181e-03, -3.76513042e-03],
        [ 1.05162641e-02, -1.05162657e-02],
        [ 5.02740275e-03, -5.02740250e-03],
        [ 4.49144454e-03, -4.49144211e-03],
        [ 4.49144454e-03, -4.49144211e-03],
        [ 5.57911964e-03, -5.57911525e-03],
        [-2.25291448e-03,  2.25291477e-03],
        [-2.25291448e-03,  2.25291477e-03],
        [-1.87576003e-03,  1.87575805e-03],
        [ 2.25071665e-02, -2.25071553e-02],
        [ 1.38712010e-02, -1.38712012e-02],
        [ 1.68821427e-02, -1.68821427e-02],
        [ 1.52007143e-02, -1.52007178e-02],
        [-2.72935946e-02,  2.72935989e-02],
        [-6.85599819e-03,  6.85599085e-03],
        [-7.12185260e-03,  7.12185574e-03],
        [-1.22310398e-02,  1.22310458e-02],
        [-5.77834249e-03,  5.77834388e-03],
        [ 3.70210037e-03, -3.70209959e-03],
        [ 1.74653158e-03, -1.74653453e-03],
        [ 8.15950334e-05, -8.15935588e-05],
        [-9.37777882e-03,  9.37777892e-03],
        [-1.08368521e-02,  1.08368522e-02],
        [-1.62389626e-03,  1.62389630e-03],
        [ 9.31162139e-03, -9.31162619e-03],
        [ 2.21637636e-03, -2.21637821e-03],
        [ 2.21637636e-03, -2.21637821e-03],
        [ 1.86111405e-03, -1.86111474e-03],
        [ 3.27803896e-03, -3.27804293e-03],
        [ 9.17211597e-03, -9.17211857e-03],
        [ 6.32061188e-04, -6.32065522e-04],
        [ 2.00258897e-03, -2.00259260e-03],
        [ 6.40195285e-03, -6.40195567e-03],
        [ 8.88851921e-03, -8.88852056e-03],
        [ 8.88851921e-03, -8.88852056e-03],
        [ 5.46146262e-03, -5.46146582e-03],
        [ 5.46146262e-03, -5.46146582e-03],
        [-2.85001357e-03,  2.85001220e-03],
        [ 1.72068852e-03, -1.72068919e-03],
        [ 1.12374397e-03, -1.12374196e-03],
        [ 1.12374397e-03, -1.12374196e-03],
        [ 2.02300017e-03, -2.02299910e-03],
        [ 7.41351345e-03, -7.41351279e-03],
        [ 4.03386303e-03, -4.03386097e-03],
        [ 2.95705561e-03, -2.95705574e-03],
        [ 2.95705561e-03, -2.95705574e-03],
        [ 3.70145010e-03, -3.70144907e-03],
        [ 5.21602850e-03, -5.21602750e-03],
        [ 5.21602850e-03, -5.21602750e-03],
        [ 9.15756910e-03, -9.15756997e-03],
        [ 9.15756910e-03, -9.15756997e-03],
        [ 4.94625741e-03, -4.94625792e-03],
        [ 0.00000000e+00,  0.00000000e+00]])
 array([[-0.00213517,  0.00213518],
        [-0.00213517,  0.00213518],
        [-0.00296779,  0.00296779],
        [-0.00296779,  0.00296779],
        [-0.01592741,  0.01592741],
        [-0.01592741,  0.01592741],
        [-0.02545959,  0.02545958],
        [-0.02303374,  0.02303374],
        [-0.00254199,  0.00254199],
        [-0.00254199,  0.00254199],
        [-0.00241583,  0.00241583],
        [-0.00241583,  0.00241583],
        [-0.00325557,  0.00325557],
        [-0.00325557,  0.00325557],
        [-0.00303557,  0.00303557],
        [-0.00422669,  0.00422669],
        [-0.00422669,  0.00422669],
        [-0.00432854,  0.00432854],
        [-0.00432854,  0.00432854],
        [-0.00423346,  0.00423346],
        [-0.00423346,  0.00423346],
        [-0.00398564,  0.00398564],
        [-0.00398564,  0.00398564],
        [-0.0048879 ,  0.0048879 ],
        [-0.0048879 ,  0.0048879 ],
        [-0.00484586,  0.00484586],
        [-0.00484586,  0.00484586],
        [-0.00432548,  0.00432548],
        [-0.00432548,  0.00432548],
        [-0.00432548,  0.00432548],
        [-0.00405038,  0.00405038],
        [-0.00123237,  0.00123238],
        [-0.00123237,  0.00123238],
        [-0.0023532 ,  0.00235321],
        [-0.0023532 ,  0.00235321],
        [-0.00371978,  0.00371978],
        [-0.00371978,  0.00371978],
        [-0.00371978,  0.00371978],
        [-0.00371978,  0.00371978],
        [-0.00440295,  0.00440294],
        [-0.00440295,  0.00440294],
        [-0.00440295,  0.00440294],
        [-0.00440295,  0.00440294],
        [-0.0033579 ,  0.0033579 ],
        [-0.0033579 ,  0.0033579 ],
        [-0.0033579 ,  0.0033579 ],
        [-0.0033579 ,  0.0033579 ],
        [-0.00329584,  0.00329584],
        [-0.00329584,  0.00329584],
        [-0.00329584,  0.00329584],
        [-0.00329584,  0.00329584],
        [-0.00329584,  0.00329584],
        [-0.00444903,  0.00444903],
        [-0.00444903,  0.00444903],
        [-0.00444903,  0.00444903],
        [-0.00444903,  0.00444903],
        [-0.00444903,  0.00444903],
        [-0.00384778,  0.00384778],
        [-0.00384778,  0.00384778],
        [-0.00402548,  0.00402548],
        [-0.00402548,  0.00402548],
        [-0.00468604,  0.00468604],
        [-0.00468604,  0.00468604],
        [-0.0046772 ,  0.0046772 ],
        [-0.00513121,  0.0051312 ],
        [-0.00513121,  0.0051312 ],
        [-0.00514452,  0.00514452],
        [-0.00514452,  0.00514452],
        [-0.00514452,  0.00514452],
        [-0.00160281,  0.00160281],
        [-0.0050364 ,  0.0050364 ],
        [-0.00523497,  0.00523496],
        [-0.00523497,  0.00523496],
        [-0.00523497,  0.00523496],
        [-0.00709598,  0.00709598],
        [-0.00709598,  0.00709598],
        [-0.00709598,  0.00709598],
        [-0.00582906,  0.00582906],
        [-0.00582906,  0.00582906],
        [-0.00480799,  0.00480799],
        [-0.00480799,  0.00480799],
        [-0.00480799,  0.00480799],
        [-0.00551491,  0.00551491],
        [-0.00551491,  0.00551491],
        [-0.00551491,  0.00551491],
        [-0.00430212,  0.00430212],
        [-0.00430212,  0.00430212],
        [-0.00430212,  0.00430212],
        [-0.00430212,  0.00430212],
        [-0.00260039,  0.00260039],
        [-0.00260039,  0.00260039],
        [-0.00260039,  0.00260039],
        [-0.00260039,  0.00260039],
        [-0.00263594,  0.00263594],
        [-0.00263594,  0.00263594],
        [-0.00263594,  0.00263594],
        [-0.00200399,  0.00200399],
        [-0.00200399,  0.00200399],
        [-0.00200399,  0.00200399],
        [-0.00200399,  0.00200399],
        [-0.00153324,  0.00153324],
        [-0.00153324,  0.00153324],
        [-0.00153324,  0.00153324],
        [-0.00153324,  0.00153324],
        [-0.00134085,  0.00134085],
        [-0.00134085,  0.00134085],
        [-0.00134085,  0.00134085],
        [-0.00087311,  0.00087311],
        [-0.00524746,  0.00524746],
        [-0.00524746,  0.00524746],
        [-0.00524746,  0.00524746],
        [-0.00524746,  0.00524746],
        [-0.00524746,  0.00524746],
        [-0.00524746,  0.00524746],
        [-0.00524746,  0.00524746],
        [-0.00581769,  0.00581769],
        [-0.00581769,  0.00581769],
        [-0.00581769,  0.00581769],
        [-0.00581769,  0.00581769],
        [-0.00620846,  0.00620846],
        [-0.00620846,  0.00620846],
        [-0.00620846,  0.00620846],
        [-0.00620846,  0.00620846],
        [-0.00617832,  0.00617832],
        [-0.00617832,  0.00617832],
        [-0.00617832,  0.00617832],
        [-0.0066819 ,  0.00668191],
        [-0.0066819 ,  0.00668191],
        [-0.0066819 ,  0.00668191],
        [-0.00637043,  0.00637043],
        [-0.00284961,  0.00284961],
        [-0.00284961,  0.00284961],
        [-0.00284961,  0.00284961],
        [-0.00284961,  0.00284961],
        [-0.00296761,  0.00296761],
        [-0.00296761,  0.00296761],
        [-0.00296761,  0.00296761],
        [-0.00296761,  0.00296761],
        [-0.00370451,  0.00370451],
        [-0.00370451,  0.00370451],
        [-0.00370451,  0.00370451],
        [-0.00370451,  0.00370451],
        [-0.00366024,  0.00366025],
        [-0.00366024,  0.00366025],
        [-0.00366024,  0.00366025],
        [-0.00366024,  0.00366025],
        [-0.00371841,  0.00371841],
        [-0.00371841,  0.00371841],
        [-0.00370432,  0.00370432],
        [-0.00370432,  0.00370432],
        [-0.0027186 ,  0.0027186 ],
        [-0.0027186 ,  0.0027186 ],
        [-0.0027186 ,  0.0027186 ],
        [-0.0027186 ,  0.0027186 ],
        [-0.0027186 ,  0.0027186 ],
        [-0.00502936,  0.00502935],
        [-0.00502936,  0.00502935],
        [-0.00502936,  0.00502935],
        [-0.00502936,  0.00502935],
        [-0.00461187,  0.00461187],
        [-0.00461187,  0.00461187],
        [-0.00461187,  0.00461187],
        [-0.00461187,  0.00461187],
        [-0.0052505 ,  0.0052505 ],
        [-0.0052505 ,  0.0052505 ],
        [-0.0051554 ,  0.0051554 ],
        [-0.0051554 ,  0.0051554 ],
        [-0.0051554 ,  0.0051554 ],
        [-0.00440704,  0.00440703],
        [-0.00279911,  0.00279911],
        [-0.00377839,  0.00377839],
        [-0.00406964,  0.00406964],
        [-0.00406964,  0.00406964],
        [ 0.00015846, -0.00015846]]) array([[ 0.        ,  0.        ],
                                            [-0.01943934,  0.01943936],
                                            [-0.05133634,  0.05133634],
                                            [-0.02081595,  0.02081594],
                                            [-0.01164085,  0.01164084],
                                            [-0.05561354,  0.05561352],
                                            [ 0.01350788, -0.01350788],
                                            [-0.05947558,  0.05947559],
                                            [ 0.02240502, -0.02240504],
                                            [-0.0047296 ,  0.00472961],
                                            [ 0.00109356, -0.00109356],
                                            [-0.03659312,  0.03659312],
                                            [ 0.00113749, -0.00113749],
                                            [-0.00728203,  0.00728203],
                                            [ 0.03848316, -0.03848315],
                                            [-0.01184322,  0.01184323],
                                            [-0.03224515,  0.03224514],
                                            [-0.10754752,  0.1075475 ],
                                            [ 0.02661713, -0.02661713],
                                            [-0.08526952,  0.08526955],
                                            [ 0.        ,  0.        ]])
 array([[-0.00472141,  0.00472141],
        [-0.00472141,  0.00472141],
        [-0.01023839,  0.01023839],
        [-0.01037079,  0.01037079],
        [-0.02310519,  0.02310519],
        [-0.03113987,  0.03113987],
        [-0.01140543,  0.01140544],
        [-0.01142184,  0.01142185],
        [-0.0072237 ,  0.00722369],
        [-0.00707364,  0.00707364],
        [-0.00888764,  0.00888764],
        [-0.00885607,  0.00885607],
        [ 0.00151631, -0.00151631],
        [ 0.00134507, -0.00134507],
        [-0.00106419,  0.00106419],
        [-0.00106419,  0.00106419],
        [-0.00068212,  0.00068212],
        [-0.00082304,  0.00082304],
        [-0.00456559,  0.00456559],
        [-0.00470023,  0.00470023],
        [-0.00437435,  0.00437435],
        [-0.00439017,  0.00439017],
        [-0.00458749,  0.00458749],
        [-0.00458749,  0.00458749],
        [-0.00495577,  0.00495577],
        [-0.00495577,  0.00495577],
        [-0.00445579,  0.00445579],
        [-0.00938998,  0.00938998],
        [-0.00983529,  0.00983529],
        [-0.00983529,  0.00983529],
        [-0.00983529,  0.00983529],
        [-0.01485966,  0.01485966],
        [-0.01485966,  0.01485966],
        [-0.01369859,  0.01369859],
        [-0.00153762,  0.00153762],
        [-0.00153762,  0.00153762],
        [-0.00175746,  0.00175746],
        [-0.00175746,  0.00175746],
        [-0.00138129,  0.00138129],
        [-0.00095386,  0.00095386],
        [-0.00095386,  0.00095386],
        [-0.00183088,  0.00183088],
        [-0.0016512 ,  0.0016512 ],
        [-0.00137668,  0.00137667],
        [-0.00138512,  0.00138512],
        [-0.00158351,  0.00158351],
        [-0.00156167,  0.00156167],
        [-0.00173208,  0.00173207],
        [-0.00173208,  0.00173207],
        [-0.00229896,  0.00229896],
        [-0.00223787,  0.00223786],
        [-0.00270513,  0.00270513],
        [-0.00270513,  0.00270513],
        [-0.00217325,  0.00217324],
        [-0.00077696,  0.00077696],
        [-0.01034268,  0.01034268],
        [-0.00994753,  0.00994753],
        [-0.00827083,  0.00827083],
        [-0.00895283,  0.00895283],
        [-0.00869973,  0.00869974],
        [-0.00743778,  0.00743778],
        [-0.00604951,  0.00604951],
        [-0.00604951,  0.00604951],
        [-0.00583079,  0.00583079],
        [-0.00583079,  0.00583079],
        [-0.0080371 ,  0.0080371 ],
        [-0.0080371 ,  0.0080371 ],
        [-0.00829461,  0.00829462],
        [-0.00829461,  0.00829462],
        [-0.00548772,  0.00548772],
        [-0.01030957,  0.01030957],
        [-0.01020917,  0.01020917],
        [-0.00920625,  0.00920625],
        [-0.00913937,  0.00913937],
        [-0.00342098,  0.00342099],
        [-0.00342098,  0.00342099],
        [-0.003307  ,  0.00330701],
        [-0.003307  ,  0.00330701],
        [-0.003307  ,  0.00330701],
        [-0.0017731 ,  0.0017731 ],
        [-0.0257066 ,  0.0257066 ],
        [-0.02536411,  0.02536411],
        [-0.01661063,  0.01661062],
        [-0.0053557 ,  0.00535571],
        [-0.0053557 ,  0.00535571],
        [-0.00562532,  0.00562532],
        [-0.00652062,  0.00652062],
        [-0.04470055,  0.04470055],
        [-0.04283172,  0.04283172],
        [-0.04787585,  0.04787585],
        [-0.00464032,  0.00464033],
        [ 0.        ,  0.        ]]) array([[ 0.0022788 , -0.00227881],
                                            [ 0.0022788 , -0.00227881],
                                            [-0.0022076 ,  0.00220759],
                                            [ 0.00224663, -0.00224663],
                                            [-0.00030111,  0.00030111],
                                            [ 0.00398166, -0.00398166],
                                            [ 0.00571011, -0.00571011],
                                            [ 0.00320078, -0.00320078],
                                            [ 0.00641621, -0.0064162 ],
                                            [ 0.00589559, -0.00589558],
                                            [ 0.00255424, -0.00255424],
                                            [ 0.00339298, -0.00339298],
                                            [ 0.0025718 , -0.0025718 ],
                                            [ 0.00249646, -0.00249646],
                                            [ 0.00060538, -0.00060538],
                                            [ 0.00060538, -0.00060538],
                                            [-0.00020117,  0.00020117],
                                            [-0.00020117,  0.00020117],
                                            [ 0.00311314, -0.00311313],
                                            [ 0.00479079, -0.00479078],
                                            [ 0.00129637, -0.00129636],
                                            [ 0.00212029, -0.00212029],
                                            [ 0.00458545, -0.00458545],
                                            [ 0.00502064, -0.00502064],
                                            [ 0.00270302, -0.00270302],
                                            [ 0.00278163, -0.00278163],
                                            [ 0.00350615, -0.00350615],
                                            [ 0.00131252, -0.00131252],
                                            [ 0.01124219, -0.01124218],
                                            [ 0.00841875, -0.00841874],
                                            [ 0.01088986, -0.01088986],
                                            [ 0.00274029, -0.00274029],
                                            [ 0.00620056, -0.00620056],
                                            [ 0.01317826, -0.01317827],
                                            [-0.00382265,  0.00382264],
                                            [ 0.00286781, -0.00286781],
                                            [ 0.00286781, -0.00286781],
                                            [ 0.00228203, -0.00228203],
                                            [ 0.00228203, -0.00228203],
                                            [ 0.00272269, -0.00272269],
                                            [ 0.00272269, -0.00272269],
                                            [-0.02872013,  0.02872013],
                                            [-0.02041856,  0.02041856],
                                            [-0.00356545,  0.00356546],
                                            [ 0.016179  , -0.01617901],
                                            [ 0.00145756, -0.00145756],
                                            [ 0.00145756, -0.00145756],
                                            [ 0.00145756, -0.00145756],
                                            [ 0.01330267, -0.01330268],
                                            [ 0.00645859, -0.0064586 ],
                                            [ 0.0008809 , -0.00088091],
                                            [-0.00206064,  0.00206064],
                                            [-0.00012687,  0.00012687],
                                            [-0.11526489,  0.11526488],
                                            [-0.00204327,  0.00204328],
                                            [ 0.        ,  0.        ]])]